numb_input 5
numb_output 1
deep 5
nepoch 0
loss_func LS
step 0.01
topology 5 5 10 5 1 
active_funcs linear lrelu lrelu lrelu linear 
input_transforms
	normal 4 0 200 95.03 32.23
	normal 4 0 180 27.55 22.95
	normal 4 37 51 40.43 3.146
	linear 2 0 0.57
	linear 2 0 6.2832
output_transforms
	linear 2 100 200
adagrad_rate 0.99
dropout_rate 0
regulization_rate 0
viscosity_rate 0.9
layer 
[   -4.69177   -3.18069   -5.18005   0.652861    4.18786
  -8.01582   -5.95009   -3.64679    5.64785    3.13259
  0.351374    -1.0722  -0.156608   0.487673   0.106897
  0.975469   0.261638  0.0382504  -0.668766  0.0447902
  -2.49182   0.202559    0.10915    1.17328 -0.0149922 ]
{ -95.7609  -124.33 -5.80939 -133.443  -2.7837 }
layer 
[  8.91851  4.72236  50.6909   12.151  14.5229  32.2187   36.393   1.7837  23.2723  21.2752
 21.7634    12.04  67.0056  20.0516  11.4273  35.6767  57.2262    1.163   43.414  34.9258
  4.2624 -3.12559 -8.55371  2.39064 -5.99233  10.7425 -4.14531 0.276741  10.1433 -2.63163
 37.1323  29.7926  75.6978  27.6038  36.3589   46.201  68.3788 -1.64617  31.6508  47.5437
-8.48664 -8.85261  2.14481 -13.0388 -3.84158 -1.15347 -3.92525  1.45135  5.20661  12.3412 ]
{   -44.78 -27.5033 -89.7924 -30.8931 -33.5685 -65.2724  -69.223  -2.7282 -68.5469 -83.4547 }
layer 
[   2.31256   1.94007  -4.57399   15.1101  -3.23267
  15.5739   2.47528 -0.292489   11.1629  -5.61408
  4.96309   1.05132   1.34208    24.413  0.511922
  5.84337 -0.597672  -2.10512   13.4728  -4.11525
 -12.6445  -9.90682    20.812   39.1719   21.4399
-0.463369  0.293667   1.07903   24.6356  -2.97572
-0.721283  0.806478  0.610376   24.6594   1.44698
  3.44304 -0.593721  0.513839  0.191343 -0.243675
 -6.00749   5.96742   1.29793   26.2092   6.57692
 -2.79493   5.40066  -2.18958   42.4907  -9.57754 ]
{  4.42392   15.536  20.0691 -9.70451  1.58005 }
layer 
[  -0.0243454
    0.32134
0.000276117
   -18.5634
 -0.0110469 ]
{ -79.5123 }
