numb_input 5
numb_output 1
deep 5
nepoch 30
loss_func LS
step 0.000145209
topology 5 5 10 5 1 
active_funcs linear lrelu lrelu lrelu linear 
input_transforms
	normal 4 0 200 95.03 32.23
	normal 4 0 180 27.55 22.95
	normal 4 37 51 40.43 3.146
	linear 2 0 0.57
	linear 2 0 6.2832
output_transforms
	linear 2 100 200
adagrad_rate 0.99
dropout_rate 0
regulization_rate 10
viscosity_rate 0.9
layer 
[  -4.65422  -3.14351  -5.06143  0.690727    3.9734
  -8.0018  -5.93625  -3.54827     5.662    3.1349
 0.449995 -0.974617 -0.604243  0.586149  0.326617
 0.978379  0.264959  0.393874 -0.665948  0.405744
 -2.46783  0.226297 0.0664603   1.19704 -0.288037 ]
{ -95.7562 -124.325 -5.96345 -133.438 -2.89288 }
layer 
[  8.91286  4.71657  50.6855  12.1457   14.518  32.2133  36.3876  1.95664  23.2665  21.2696
  21.758  12.0344  67.0004  20.0465  11.4227  35.6715   57.221  1.33999  43.4084  34.9204
 4.59318 -2.77423 -8.24191  2.68401 -5.73796   11.048 -3.83568 0.413354  10.4976  -2.3008
 37.1276  29.7877  75.6934  27.5996  36.3552  46.1966  68.3744 -1.46267  31.6459  47.5391
-8.61235 -8.97786   2.0191 -13.1647 -3.96767 -1.27925 -4.05102  1.31458  5.08117  12.2156 ]
{ -44.7751 -27.4982 -89.7877 -30.8886 -33.5645 -65.2678 -69.2183 -2.90806 -68.5418 -83.4498 }
layer 
[    2.3272   1.87048   -4.5776   15.1112  -3.22479
  15.5872   2.35228 -0.300237   11.1622   -5.6056
  4.97332  0.939273   1.35057   24.4064  0.520293
  5.85956 -0.676693  -2.11678   13.4766  -4.10524
 -12.6341  -10.0389    20.814   39.1663   21.4477
-0.449906   0.24837   1.08357   24.6343  -2.96793
-0.709963  0.701017  0.615372   24.6547   1.45543
  3.15963  -0.39675   0.80455 -0.232291 0.0106282
 -5.99493    5.9267   1.30772   26.2059    6.5844
 -2.78604   5.30009   -2.1728   42.4817  -9.57127 ]
{  4.41193  15.6326  20.0617 -9.69999   1.5738 }
layer 
[ -0.019258
 0.450402
0.0387284
 -18.5586
0.0696675 ]
{ -79.5167 }
