numb_input 5
numb_output 1
deep 5
nepoch 0
loss_func LS
step 0.01
topology 5 5 10 5 1 
active_funcs linear lrelu lrelu lrelu linear 
input_transforms
	normal 4 0 200 95.03 32.23
	normal 4 0 180 27.55 22.95
	normal 4 37 51 40.43 3.146
	linear 2 0 0.57
	linear 2 0 6.2832
output_transforms
	linear 2 100 200
adagrad_rate 0.99
dropout_rate 0
regulization_rate 0
viscosity_rate 0.9
layer 
[   -1.20507    1.99683   0.895098   0.972668  -0.144682
  -1.03207   0.426311   0.756876    0.29991   0.258774
-0.0410661    0.72821  -0.333184  0.0301077  -0.762205
-0.0505454  -0.250314  -0.167802   0.499696  -0.346972
  0.150277  -0.624481    0.24913   0.782705  -0.879207 ]
{  0.715773  -1.66745  0.753788  -2.33347 -0.782699 }
layer 
[  -0.113534  -0.166446   0.355072   -2.06547  -0.844179    1.06802    0.12834   0.232753   -2.02503   -1.93557
 -0.514046   -1.86131  -0.238052   0.560204  -0.448397  -0.264405   0.802746   -0.47465  -0.612394    0.60694
  -3.17824   0.208686   0.670126  -0.326596   0.114332    -0.2745    1.50702  -0.680748  -0.106113  -0.733788
  0.917108    1.26898  -0.591954    1.84719    1.83423  -0.632285  -0.771197   -1.06024    1.61139   -1.25852
 -0.176496   0.287651   0.364017  -0.471756 -0.0656525   0.339201   0.724037    1.08815   -2.16506   0.480565 ]
{  -1.08915 0.0911014  -1.44149  -1.27488 -0.281874  0.632254  0.199685 -0.271329  -0.61153  -1.63067 }
layer 
[  -0.923606   0.847918   0.940425    1.00853   -0.62524
  -1.12489   0.202299   0.481255  -0.343536 0.00954128
   -1.3406  -0.455795    1.22097   -1.04672    1.14327
  0.166806    1.15578  -0.503978   0.548288      2.287
  0.496053    1.38909  -0.204876  -0.136551  -0.265831
  -1.61456    -0.7816   0.778819 -0.0984928   -0.58343
  -1.03531  -0.911799  -0.222767   -0.73438   0.453643
  -1.02442   -1.41862  0.0682339  -0.152163  -0.629194
   1.03296    3.21379  -0.467941  0.0469616   0.411919
   1.11887 -0.0112728  -0.310648     0.9245    1.09897 ]
{ -0.608799  0.474701 0.0798067  0.244695 -0.687952 }
layer 
[   1.64637
  2.47833
-0.503307
 0.176089
 0.484668 ]
{ 0.588992 }
