numb_input 5
numb_output 1
deep 5
nepoch 0
loss_func MSLEL
step 1e-4
topology 5 5 10 5 1 
active_funcs linear lrelu lrelu lrelu linear 
input_transforms
	normal 4 0 200 95.03 32.23
	normal 4 0 180 27.55 22.95
	normal 4 37 51 40.43 3.146
	linear 2 0 0.57
	linear 2 0 6.2832
output_transforms
	linear 2 100 200
adagrad_rate 0.99
dropout_rate 0
regulization_rate 0
viscosity_rate 0.9
layer 
[    0.406012    0.933691    0.759615  -0.0114728    -0.68162
-0.00593022    0.398297    0.487341    0.512474   -0.685453
  -0.121379     0.46166    0.020564   -0.456422    -1.35745
  0.0210196   -0.111254 -0.00265239    0.272053   0.0870526
 -0.0491397    0.059896 -0.00512043  -0.0653628   -0.136839 ]
{   1.03683 -0.039595  0.799111 -0.979225 -0.224816 }
layer 
[  -0.199629  -0.425769   0.157382   -1.09556 -0.0907848   0.935578    0.75292  0.0460025  0.0422058   -1.91024
 0.0440664  -0.213447  -0.200701   0.403079  -0.365841   0.034083   0.253562   0.192762   0.437053   0.318764
 -0.785245  -0.211617    1.04609  -0.318289   0.416307  -0.856668   0.936613 -0.0435048 0.00780007   0.662942
  0.792896   0.208113   0.359082   0.220278   0.721828  -0.147023  -0.854252  0.0497837   0.266967   0.559959
 -0.629253  -0.325914   0.532569  -0.849667 -0.0515895 -0.0358611   0.108317   0.824316  -0.639974   0.703479 ]
{ 1.94194e-05       0.456    -0.65818  -0.0323991   -0.201001    0.655549   0.0382541  -0.0462577   -0.457936    -0.57552 }
layer 
[  -0.940554    0.18566   0.894266   0.198705  -0.816596
 -0.941169   0.235076   0.642793  -0.327968  -0.496223
 -0.400836  -0.497862  -0.411512  -0.114398   0.140773
-0.0152121    1.11049  -0.580349   0.451967   0.177052
   0.50735   0.707535   0.126751   -0.22805   0.347743
 -0.505867  -0.656607   0.829078 -0.0446219  -0.635845
  0.105492  -0.870674  -0.372726    -0.6924   0.476194
 -0.716122   0.120581   0.227523  0.0289502 -0.0742823
  0.363591    1.14226 -0.0748733   -0.95322  -0.272671
  0.531377  -0.327104  -0.502698   0.289909   0.483998 ]
{  -0.813811   0.671722   0.298192 -0.0569585   -0.52971 }
layer 
[  0.501031
 0.262357
-0.775714
  0.16399
 0.549426 ]
{ 0.396023 }
