numb_input 5
numb_output 1
deep 5
nepoch 8836
loss_func MSLEL
step 0.000878377
topology 5 5 10 5 1 
active_funcs linear lrelu lrelu lrelu linear 
input_transforms
	normal 4 0 200 95.03 32.23
	normal 4 0 180 27.55 22.95
	normal 4 37 51 40.43 3.146
	linear 2 0 0.57
	linear 2 0 6.2832
output_transforms
	linear 2 100 200
adagrad_rate 0.99
dropout_rate 0
regulization_rate 0
viscosity_rate 0.9
layer 
[  -0.152789   -1.82317   0.357814   0.534712   -2.18108
 -0.110521     -0.995   0.195849   0.318287   -1.41088
 -0.836608    1.55516  -0.305849   0.313076  -0.352649
  0.419112  -0.642766   0.175273 -0.0429649   0.229044
 0.0663051  -0.680444   0.155285  0.0679324   -0.19109 ]
{   2.27969  0.967236   1.66464 -0.234093   1.97719 }
layer 
[   -0.96862 -0.0519616   0.703568  -0.684856   0.492845   0.646025    1.37154 0.00385953   0.806807   -3.58296
   8.16381 -0.0802473   0.140057  -0.936464    1.10418    1.09761    1.35223  -0.429694  -0.504929   0.950358
   5.16445  -0.192663   -0.48319   -6.15546    5.40394    5.56469    7.17278   0.703895   -4.16322   -4.68604
   1.28847   0.965557   0.264191   -1.35235    1.08838   -0.30745   -1.82485   0.695405   0.608579    3.56996
 -0.752624 -0.0121119  -0.511729   0.262688    1.25634  -0.656936   0.408785   0.830506    1.03429  -0.740145 ]
{  -0.950154   0.619764   0.352833   0.379646   -0.12803   0.132186   0.274072  -0.200864 -0.0101789   -1.30205 }
layer 
[   0.029601   -0.48468   0.346663  -0.129377  0.0135639
  -3.04447   0.164834   0.131114   -1.46796    1.44683
  -1.06914  0.0286628  -0.351325   -3.09083    2.65823
  -1.72805    2.59436  -0.932566  -0.415136  0.0441799
 -0.586669  -0.243037   0.460739  -0.491858  -0.120163
   1.68697   -2.29668    1.31045   0.405684  0.0677728
 -0.766596   -2.46151   0.503949   0.210821   0.056259
-0.0273952  -0.653343  -0.148918   0.055243  0.0936332
 -0.177598   0.777763   -1.02979   -1.20126  -0.584328
  0.241584   0.294453  -0.283449   0.116696  -0.146127 ]
{ -0.325598  0.385636 -0.469763 -0.240326 -0.181317 }
layer 
[  -0.380062
  0.767199
0.00593311
 -0.145059
  0.218083 ]
{ 0.406634 }
