numb_input 5
numb_output 1
deep 5
nepoch 30
loss_func LS
step 1.45209e-05
topology 5 5 10 5 1 
active_funcs linear lrelu lrelu lrelu linear 
input_transforms
	normal 4 0 200 95.03 32.23
	normal 4 0 180 27.55 22.95
	normal 4 37 51 40.43 3.146
	linear 2 0 0.57
	linear 2 0 6.2832
output_transforms
	linear 2 100 200
adagrad_rate 0.99
dropout_rate 0
regulization_rate 0
viscosity_rate 0.9
layer 
[  -0.0568413 0.000112806   -0.598313  0.00423802    0.783766
  0.0170621   -0.115559   -0.472595   -0.100012    0.570723
  0.0438033  -0.0875335 -0.00229652  -0.0920758   0.0109107
-0.00620707   0.0283571   0.0165641    0.031114   0.0169803
 -0.0580011   0.0095311   0.0146335   0.0102295   0.0100714 ]
{ -0.0168214   -1.92156  -0.251296   -2.22819   0.321785 }
layer 
[   -0.0109248 -1.62554e-41 -4.29945e-45 -1.26497e-71    0.0297877 -2.06773e-53  5.32401e-46    0.0551371 -1.65413e-54  -0.00726474
-0.000423373  3.75852e-43  1.11987e-46  8.24019e-72   0.00136611   1.2499e-54  -5.7002e-48    -0.827511  2.16655e-54 -0.000295282
  0.00646757 -3.24033e-42 -4.23522e-46  -7.4894e-72   -0.0201651 -1.58592e-52 -4.43604e-46    -0.282989 -4.29096e-53   0.00436558
-0.000475746  3.66573e-43  1.13833e-46  9.55815e-72   0.00159806  1.46799e-54  -4.3212e-48     -0.92319  2.60185e-54 -0.000331429
  -0.0451776 -5.79204e-43  4.36666e-47 -1.14492e-70   -0.0491365  2.30169e-53 -3.19666e-46      0.22083  4.93001e-53  0.000898436 ]
{     -1.52912 -2.21715e-43 -1.23097e-45 -4.37972e-70     -5.08759 -5.27938e-53 -5.23125e-46      1.30763 -1.26798e-52     -1.03474 }
layer 
[ -2.37128e-318    -0.0110953      -1.33364   1.4233e-318 -2.70527e-318
-8.07114e-318  -6.03234e-43  -1.11162e-42  -8.0588e-318 -8.08165e-318
-8.05888e-318  -3.14569e-46  -5.78874e-46 -3.07459e-318  -8.0856e-318
-7.74719e-318   2.01042e-70    3.6587e-70 -3.05783e-318 -8.08805e-318
-5.61512e-318     -0.884939       6.07202  3.74383e-319 -4.87465e-318
 8.09698e-318   9.13806e-54   1.65587e-53   3.0591e-318  8.08639e-318
 8.07335e-318   4.16578e-47   6.79304e-47  3.03032e-318  8.05778e-318
-3.47198e-318      0.824925       1.53024   -6.094e-319  -4.3741e-318
-8.07509e-318   3.43575e-53   6.24499e-53 -3.02842e-318  -8.1026e-318
-5.51448e-318      0.129096     -0.928859  1.12908e-318 -5.82152e-318 ]
{ 1.29595e-318      7.91683      18.6095 1.69721e-319 2.64819e-319 }
layer 
[ -6.40309e-320
      1.23152
       2.2416
-9.24891e-319
 1.14307e-319 ]
{ -57.1306 }
