numb_input 5
numb_output 1
deep 5
nepoch 0
loss_func HUBER
step 0.001
topology 5 5 10 5 1 
active_funcs linear lrelu lrelu lrelu linear 
input_transforms
	normal 4 0 200 95.03 32.23
	normal 4 0 180 27.55 22.95
	normal 4 37 51 40.43 3.146
	linear 2 0 0.57
	linear 2 0 6.2832
output_transforms
	linear 2 100 200
adagrad_rate 0.99
dropout_rate 0
regulization_rate 0
viscosity_rate 0.9
layer 
[  -1.18236    1.9968   0.89669  0.969134 -0.155426
 -1.07304  0.388387  0.775333  0.300778  0.240215
0.0085644  0.726915 -0.396604 0.0324612 -0.791796
-0.112449   -0.2337 -0.185637   0.49434 -0.300152
 0.153945 -0.677852  0.256459  0.786891 -0.910611 ]
{  0.715315  -1.66034  0.719952  -2.33841 -0.769321 }
layer 
[  -0.106407  -0.171349   0.347892   -2.06508  -0.855142    1.07486   0.126206   0.234198   -2.03113   -1.93563
  -0.49475   -1.75763   -0.27135   0.568328  -0.434353  -0.275257   0.783694  -0.445691  -0.653629   0.581604
  -3.17252   0.215893   0.683263  -0.318254    0.13157  -0.257109    1.50945  -0.607289  -0.108682  -0.730152
  0.934153    1.33748   -0.59109    1.84906    1.83869  -0.600625  -0.808005   -1.06295     1.5994   -1.27059
 -0.171606   0.343751   0.363015  -0.440393 -0.0800988   0.335472   0.752924    1.09313   -2.16167   0.512387 ]
{  -1.11478 0.0745604  -1.42703  -1.26418 -0.259985  0.614231  0.220937 -0.277147 -0.594358  -1.61937 }
layer 
[  -0.920527   0.851336   0.940681    1.00925  -0.629655
  -1.02619   0.302078   0.493272  -0.282927  0.0376474
  -1.36067  -0.476507    1.23059   -1.05329    1.11322
  0.168267    1.15733  -0.505918   0.548714    2.28184
  0.513288    1.40871  -0.219589  -0.133547  -0.250829
  -1.61625  -0.783268   0.779953  -0.100431  -0.562289
   -1.0486  -0.925069  -0.215713   -0.74773   0.453466
  -1.01671   -1.41089  0.0615527  -0.146153  -0.630084
   1.03918    3.22029  -0.473637  0.0487144   0.395865
   1.11789 -0.0122689   -0.31103   0.924164     1.0855 ]
{ -0.607878  0.475641 0.0546107  0.245461 -0.684634 }
layer 
[   1.64913
  2.48702
-0.503435
 0.187055
 0.476003 ]
{ 0.589969 }
