numb_input 5
numb_output 1
deep 5
nepoch 0
loss_func MSLEL
step 1e-4
topology 5 5 10 5 1 
active_funcs linear lrelu lrelu lrelu linear 
input_transforms
	normal 4 0 200 95.03 32.23
	normal 4 0 180 27.55 22.95
	normal 4 37 51 40.43 3.146
	linear 2 0 0.57
	linear 2 0 6.2832
output_transforms
	linear 2 100 200
adagrad_rate 0.99
dropout_rate 0
regulization_rate 0
viscosity_rate 0.9
layer 
[  -0.171043   0.870734   0.674987  0.0582308 -0.0109241
 -0.831905   0.268808   0.519345   0.649923  -0.445369
 -0.108233   0.765322  -0.211982  -0.338205   -1.69619
 0.0120119  -0.146226  0.0140275 -0.0220253   0.336392
-0.0108738   0.112557 -0.0134906 -0.0226517  -0.516183 ]
{    0.654082   -0.231458    0.454029   -0.747005 -0.00166069 }
layer 
[    -0.37255    -0.36566    0.120048   -0.987194   -0.321997    0.929903    0.738679   -0.040167 -0.00607171    -1.93475
   -0.30604   -0.126716   0.0760121    0.165999   -0.356927   -0.232402    0.562125     0.39065   -0.514691    0.189259
  -0.805466    0.263175    0.812842   -0.445674    0.114392   -0.519587    0.312271    0.216509   -0.525741   -0.166188
   0.466678    0.176685    0.498005    0.503982    0.413636   -0.584809   -0.496027   -0.312886    0.285351   -0.615187
  -0.483126   -0.480435    0.548256   -0.758713   -0.358322 -0.00445671   0.0591351    0.840453    -0.63978    0.748819 ]
{ -0.0758343   0.313219  -0.580536  -0.166882   0.167271   0.492515  0.0713908  -0.148627  -0.331726  -0.917168 }
layer 
[  -0.740293   0.580725   0.788035   0.256704  -0.692493
 -0.654895   0.303853   0.184686  -0.124964  -0.294486
 -0.741273  -0.667248  -0.238726  -0.468168  -0.302618
  0.156494   0.576684  -0.410399   0.514601   0.946128
  0.534408   0.709144  -0.118153  -0.355062  -0.193538
  -0.45616  -0.476092   0.741354  0.0194826  -0.798316
-0.0658983   -0.71935  -0.271649  -0.873376   0.515221
 -0.858154  -0.373607   0.259883 -0.0586628  -0.269512
  0.575788    1.18974 -0.0989735  -0.733803 0.00791914
  0.572723  -0.838086  -0.317177   0.446244  0.0716235 ]
{  -0.769076   0.815292   0.174774 -0.0146726  -0.559667 }
layer 
[  0.607927
 0.399261
-0.603465
  0.36478
 0.831446 ]
{ 0.425474 }
