numb_input 5
numb_output 1
deep 5
nepoch 0
loss_func MSLEL
step 1e-4
topology 5 5 10 5 1 
active_funcs linear lrelu lrelu lrelu linear 
input_transforms
	normal 4 0 200 95.03 32.23
	normal 4 0 180 27.55 22.95
	normal 4 37 51 40.43 3.146
	linear 2 0 0.57
	linear 2 0 6.2832
output_transforms
	linear 2 100 200
adagrad_rate 0.99
dropout_rate 0
regulization_rate 0
viscosity_rate 0.9
layer 
[   0.0675862    0.994427    0.773065    0.159249   -0.342274
  -0.480847    0.340397    0.514558    0.562349   -0.563546
  -0.147215    0.468302   0.0518042   -0.248371    -1.57596
  0.0974505   -0.100972 -0.00308831   0.0358072    0.164759
-0.00142886    0.146571   0.0171479   -0.141699   -0.305614 ]
{    0.87057  0.0655101   0.712749    -0.9047 -0.0934865 }
layer 
[  -0.400874  -0.316135   0.189377  -0.905798  -0.171472   0.826847   0.845366 -0.0665194  0.0586488   -1.89675
 -0.423652  -0.382325  0.0770997   0.253064  -0.345714     0.1116   0.259044   0.406466  -0.103883   0.411762
 -0.909432  -0.336255   0.954691  -0.251749   0.452731   -0.76343   0.798947 -0.0172669  -0.190309   0.474717
  0.683534   0.322943   0.218511   0.445242   0.798947  -0.349856  -0.591745  -0.286812    0.29015  -0.182611
 -0.486448  -0.267342    0.55552  -0.788297  -0.117397 -0.0245441   0.109584   0.828529  -0.696133   0.740261 ]
{  0.0682115    0.48188  -0.655744 -0.0302667  -0.205329   0.689936  0.0442645 -0.0259551  -0.522679  -0.730576 }
layer 
[  -0.867918   0.479717   0.848052   0.248643  -0.843756
 -0.842764   0.248559   0.564447  -0.223668  -0.441401
 -0.410763  -0.199992  -0.419683  -0.123002  0.0939662
-0.0495144   0.600336  -0.352243   0.421992   0.473957
   0.83026   0.848349   0.102663 -0.0454729   0.434576
 -0.463886  -0.611559   0.763226  0.0171221  -0.680674
  0.119379  -0.713935  -0.394442  -0.684766   0.498639
 -0.739198  -0.324599   0.238409  0.0619248 -0.0366904
  0.450678    1.16901  -0.105225  -0.879536   -0.20799
  0.478928  -0.624434     -0.288   0.362543   0.325482 ]
{  -0.818547   0.687704   0.339035 -0.0310522   -0.43923 }
layer 
[  0.511166
 0.144115
-0.735148
 0.151266
 0.544805 ]
{ 0.381667 }
