numb_input 5
numb_output 1
deep 5
nepoch 0
loss_func HUBER
step 1e-3
topology 5 5 10 5 1 
active_funcs linear lrelu lrelu lrelu linear 
input_transforms
	normal 4 0 200 95.03 32.23
	normal 4 0 180 27.55 22.95
	normal 4 37 51 40.43 3.146
	linear 2 0 0.57
	linear 2 0 6.2832
output_transforms
	linear 2 100 200
adagrad_rate 0.99
dropout_rate 0
regulization_rate 0
viscosity_rate 0.9
layer 
[   -1.18113    2.01929   0.839573    1.01036 -0.0829535
   -1.1082    0.28561   0.729208   0.256536   0.162499
  0.139022   0.634113  -0.517165 -0.0370506  -0.786524
 -0.104252  -0.221154  -0.295805   0.515536  -0.306983
 0.0991103  -0.695301   0.282666   0.808221   -1.01314 ]
{  0.667848  -1.65317  0.671215  -2.29929 -0.762322 }
layer 
[  -0.103667  -0.205806   0.372166   -2.05162  -0.864195    1.07797   0.135616   0.218006   -2.03362     -1.928
 -0.442845   -1.55814  -0.326031   0.597222  -0.443168  -0.223026   0.734792  -0.347875  -0.758677   0.517984
  -3.12222   0.289151   0.661343  -0.277834   0.145357  -0.224455    1.49379  -0.512304  -0.154011  -0.749644
  0.992396    1.51003  -0.495533    1.86697     1.8428  -0.501228  -0.852344   -1.06716    1.55854   -1.29255
 -0.206369   0.444135    0.35047  -0.433455 -0.0802852   0.315528   0.871755    1.13508   -2.12077   0.626362 ]
{  -1.19641 0.0139893  -1.43133  -1.22963  -0.20995  0.524364  0.235305  -0.30228  -0.54318  -1.64243 }
layer 
[   -0.86777   0.905383   0.947436    1.03514  -0.612532
 -0.885601   0.443835   0.581585  -0.186599   0.116991
  -1.37672  -0.492088    1.30477   -1.06997      1.092
  0.150289    1.14525  -0.490908     0.5338    2.28217
  0.485924    1.38434  -0.164445  -0.157504  -0.288389
  -1.60555  -0.772496   0.762459 -0.0895475  -0.533844
  -1.12353  -0.999617  -0.205537   -0.82217    0.43634
    -1.012   -1.40614  0.0600363  -0.141984  -0.616854
   1.05462    3.23582  -0.466845  0.0564952   0.390653
   1.12026 -0.0105586  -0.293749   0.927807    1.10006 ]
{  -0.640776   0.443052 -0.0299551   0.213436   -0.72672 }
layer 
[   1.67632
  2.55399
-0.489708
 0.256315
 0.471637 ]
{ 0.557155 }
