numb_input 5
numb_output 1
deep 5
nepoch 0
loss_func HUBER
step 1e-1
topology 5 5 10 5 1 
active_funcs linear lrelu th lrelu linear 
input_transforms
	normal 4 0 200 95.03 32.23
	normal 4 0 180 27.55 22.95
	normal 4 37 51 40.43 3.146
	linear 2 0 0.57
	linear 2 0 6.2832
output_transforms
	linear 2 100 200
adagrad_rate 0.99
dropout_rate 0
regulization_rate 0
viscosity_rate 0.9
layer 
[    -1.18143     1.88258    0.685206     1.06146   -0.020197
  -0.843934     1.27693    0.528944    0.658382   -0.457827
  -0.120083    0.776466   -0.200006   -0.333033    -1.70708
   0.015661   -0.149003    0.010858  -0.0242742    0.340684
 -0.0201396    0.120906 -0.00468606  -0.0159505   -0.526302 ]
{   0.665547  -0.244315    0.44226   -1.75051 0.00863157 }
layer 
[  -0.361309  -0.354539   0.109583   -1.99879  -0.333457   0.941779   0.727734  -0.028197    -2.0176   -1.94656
 -0.315197   -1.13543  0.0857607   0.171195   -1.35475  -0.242531   0.572377   0.380017    -1.5088   0.200259
  -2.81554   0.253145   0.821818  -0.435124   0.125172  -0.529625    1.32203    0.20639  -0.515725   -1.15611
  0.464407    1.17481   0.504165    1.51049    0.41902  -0.596762  -0.490356  -0.324354   0.292834  -0.610779
 -0.470056  -0.467979   0.537184    -0.7713  -0.369586 0.00802399    1.04766   0.853042   -2.65177   0.736648 ]
{  -1.06594  0.322937  -0.59168  -1.17157  0.166165  0.503432 0.0597331  -0.13711 -0.336919  -1.92957 }
layer 
[  -0.729812   0.587012   0.775979    1.26566  -0.682513
 -0.644396   0.310898    0.17235  -0.115811  -0.283999
 -0.752474  -0.679463  -0.227828  -0.479324  -0.313619
  0.167079   0.583141  -0.422223    0.52378    1.95642
  0.544956   0.716002  -0.130651  -0.345904  -0.183068
   -1.4675  -0.485356   0.753161 0.00812315  -0.809657
  -1.05485  -0.707712  -0.257666  -0.863624   0.532783
 -0.870836   -1.38611   0.272628 -0.0712992  -0.281981
  0.585931    1.19457  -0.110311  -0.724448  0.0177092
  0.581689   -0.83496  -0.327908   0.454174  0.0801455 ]
{  -0.777488   0.813087   0.186125 -0.0216913  -0.567959 }
layer 
[   1.61905
  1.40874
-0.615207
 0.375029
 0.842048 ]
{ 0.417061 }
