numb_input 5
numb_output 1
deep 4
nepoch 0
loss_func LS
step 0.001
topology 5 5 5 1 
active_funcs linear relu relu linear 
input_transforms
	normal 4 0 900 434 148.8
	normal 4 0 1000 254.5 152.5
	linear 2 0 1.571
	linear 2 0 6.285
	normal 4 37 51 39.96 2.85
output_transforms
	linear 2 700 800
adagrad_rate 0.99
dropout_rate 0
regulization_rate 10
viscosity_rate 0.9
layer 
[   0.459927   0.710438  -0.687948     0.2469  -0.323262
  0.668797 -0.0413604   0.651753   -0.18249  -0.491247
 -0.540249  -0.224296   0.401582   0.150086  -0.703021
 0.0332185  -0.434698  -0.663142  -0.452238  -0.168382
 -0.580581   0.273327  -0.455361    0.69656  -0.255782 ]
{  -0.17001 -0.354963 -0.487738 -0.571481  0.260344 }
layer 
[  -0.293381    0.34856   0.153631   0.413099   0.061841
  0.663043  -0.123192  -0.563683   -0.74708   0.239922
  0.154545   0.654901  0.0938632   0.139877  -0.141372
-0.0590334  -0.650332  -0.219383  -0.211412   0.133417
-0.0783351   0.216707  -0.452229  -0.424721  -0.703057 ]
{  0.377443  0.738003 -0.283423  0.664302 -0.608074 }
layer 
[  0.970206
-0.521143
-0.929035
 0.169722
 0.402645 ]
{ -0.0301656 }
