numb_input 4
numb_output 2
deep 4
nepoch 0
loss_func LS
step 0.001
topology 4 5 5 2 
active_funcs linear relu relu linear 
input_transforms
	linear 2 700 800
	linear 2 0 1.571
	linear 2 0 6.285
	normal 4 37 51 39.96 2.85
output_transforms
	normal 4 0 900 434 148.8
	normal 4 0 1000 254.5 152.5
adagrad_rate 0.99
dropout_rate 0
regulization_rate 30
viscosity_rate 0.9
layer 
[   0.389115  -0.309808  -0.377354   0.666417  -0.249146
 0.0441184   0.304322   0.499009   0.304534  -0.681892
  0.284044   -0.24062 -0.0249318  -0.612965  -0.606854
 -0.527341   0.149178   -0.46623  0.0377648  -0.428531 ]
{  0.431938   0.53439 0.0920571  0.132413  0.318432 }
layer 
[   0.149888   0.440162  -0.534149  -0.266128   0.391129
  -0.31441   0.763618  -0.550858  -0.416278   0.401917
 -0.736409   0.534357  0.0350664   0.198042  -0.363733
 -0.380125 -0.0649664   0.381971  -0.408506   0.518827
 -0.282094  -0.511258  -0.134251   0.647225   0.600802 ]
{ 0.00432353   0.154002   0.333172   -0.68294  -0.494977 }
layer 
[  -0.166536   0.547072
  0.288701  -0.520619
-0.0415814   0.747063
 -0.120893   0.259931
  0.760185   0.327551 ]
{ -0.789827  0.547321 }
