numb_input 5
numb_output 1
deep 5
nepoch 128
loss_func HUBER
step 9.95542e-06
topology 5 5 10 5 1 
active_funcs linear lrelu lrelu lrelu linear 
input_transforms
	normal 4 0 900 434 148.8
	normal 4 0 1000 254.5 152.5
	normal 4 37 51 39.96 2.85
	linear 2 0 0.57
	linear 2 0 6.2832
output_transforms
	linear 2 700 800
adagrad_rate 0.99
dropout_rate 0
regulization_rate 0
viscosity_rate 0.9
layer 
[   -1.05278   0.943036    0.42058   0.919448 -0.0323798
 -0.925005   0.728698   0.656171   0.859682  -0.354806
 -0.262651  -0.521626  -0.200542  -0.556945  -0.330525
 -0.140913  -0.462854  -0.151419  -0.499397   -0.54662
-0.0415187  -0.438012 -0.0424116  -0.429985  -0.779409 ]
{  0.224244  -1.09278  0.594148 -0.896044 -0.874066 }
layer 
[   0.389241  -0.183082  -0.615506   -1.87481  -0.342754     1.0167  -0.437303  -0.386474   -1.86553   -2.18482
 -0.496925   0.156539 -0.0410611    0.97818   0.024646  -0.791227   0.243783    0.11819 -0.0162696  -0.809783
  -2.25768   0.824722   0.646732   0.168059   0.665358  -0.350065   0.763411  -0.340228  0.0371924   -1.72275
-0.0834994    1.06363    1.03662    1.91782   0.475295  -0.554064   0.364215   0.043919   0.758407  -0.743035
-0.0399053  -0.473776   0.144879 -0.0507809  -0.129765  -0.036795   0.460176  0.0216316   -1.53387   0.456118 ]
{ -0.0593406   0.275788  -0.550678  -0.501464   0.130249   0.242357  -0.669907  0.0715175   0.176768   -1.78835 }
layer 
[   -0.94992 0.00109107     0.9881    1.25646  -0.650166
 -0.320832   0.564874  -0.145968  -0.010202   0.138327
 -0.154029   0.318745  -0.915872  -0.758876   0.173318
  0.275084   0.639416  -0.669877 -0.0461897    2.03772
  0.779965   0.719695  -0.330135 -0.0206781   0.285133
  -1.29662  -0.310647   0.817447   0.405125  -0.875602
 -0.374379   0.173227  -0.939832  -0.996142   0.838804
 -0.483903  -0.102525  -0.520413  -0.912749 -0.0105173
   0.28458   0.572229   0.175513  -0.837799  -0.125662
  0.514605  -0.549678  -0.719713  -0.230818   0.269382 ]
{ -0.386467  0.543086  0.427201  0.201049 -0.846017 }
layer 
[   1.46303
  1.43115
-0.980086
-0.324926
  1.61439 ]
{ -0.14322 }
