numb_input 5
numb_output 1
deep 5
nepoch 0
loss_func HUBER
step 1e-2
topology 5 5 10 5 1 
active_funcs linear lrelu lrelu lrelu linear 
input_transforms
	normal 4 0 900 434 148.8
	normal 4 0 1000 254.5 152.5
	normal 4 37 51 39.96 2.85
	linear 2 0 0.57
	linear 2 0 6.2832
output_transforms
	linear 2 700 800
adagrad_rate 0.99
dropout_rate 0
regulization_rate 1
viscosity_rate 0.9
layer 
[  0.0285566    1.88198   0.619143   0.117296   0.459672
 -0.964895    2.31321    0.51284  0.0361989   0.402296
 -0.396332  -0.101516  -0.280623  -0.190278  -0.307105
  0.458205  -0.268985  -0.219475 -0.0659858  -0.133569
 -0.470724   0.260832  0.0547238 -0.0186091   0.138954 ]
{  -1.4936  1.70827 -1.92957 -2.19928  -2.0456 }
stddev
[  -1.22784  -4.99125  -1.04391  -1.08493  -1.12163
 -0.93606  -4.85382  -1.15484  -1.10119  -1.03059
 -1.28187  -5.07855  -1.05276  -1.12115  -1.20186
-0.693895    -4.786 -0.792225 -0.744529 -0.789931
-0.690391  -4.72152 -0.826437 -0.809441 -0.761866 ]
{ -1.21462 -5.21256 -1.24305  -1.1906 -1.14743 }
layer 
[   -0.736773   -0.623502   -0.657425     -1.0416   -0.944937   -0.920991    -1.01659   -0.838563   -0.555357   -0.384494
  -0.531197    -0.41992   -0.515357   -0.690042     2.30771   -0.529021   -0.648591   -0.434994     2.35174     3.23288
 0.00845778    0.104239    0.298041    0.385998   -0.249887   0.0986816    0.457411    0.265705   -0.250861    0.602704
   0.342154    0.281095    0.331469    0.153589   -0.204288    0.317869    0.198835  -0.0367935   -0.424174    0.105033
-0.00830762   0.0942347    0.236533    0.206438   -0.234274    0.322929    0.466016    0.380483  -0.0778034    0.383174 ]
{   -1.43059   -1.42366   -1.46263   -1.50053 -0.0607693   -1.16766   -1.38497   -1.05267    0.01173  -0.343383 }
stddev
[ -0.481435 -0.789228 -0.610362 -0.423771 -0.764737 -0.577695 -0.462115 -0.710666  -1.15662  -1.31048
-0.614219 -0.695583  -0.53443 -0.483957  -2.83929 -0.517205 -0.545775 -0.444525  -2.91549  -3.33637
 -0.58662 -0.679935 -0.731904 -0.712289 -0.678053 -0.480328 -0.758341 -0.701948 -0.723139  -1.01476
-0.682282 -0.740237  -0.74367 -0.707988 -0.744879 -0.748057 -0.631536 -0.579063 -0.641718 -0.817183
-0.488816 -0.420843 -0.612585 -0.667303 -0.683793 -0.565545 -0.752952 -0.644534 -0.780924 -0.843749 ]
{ -0.761265 -0.751434   -0.7852 -0.690006   -3.5047  -1.19846 -0.943785  -1.42003  -3.40795  -3.99223 }
layer 
[ -0.867172  -1.04914  -1.06435 -0.628015 -0.664318
-0.684571 -0.630318 -0.948609   -1.3614  -0.68496
-0.767402 -0.679279 -0.721137  -1.22257  -1.30031
 -1.11833 -0.796044 -0.654649 -0.934408 -0.664745
  -1.9366  -1.75164  -1.46593  -1.81732  -1.82317
 -0.95399 -0.979625  -1.03955  -1.22029  -1.17864
 -0.67512  -1.15852  -1.26194   -0.6399 -0.972097
 -1.10958  -0.93211  -1.26336 -0.760896  -0.94049
 -1.99724  -1.94955  -1.66264  -1.67053  -1.56841
 -2.78544  -2.37738  -2.58877  -2.53399  -2.73115 ]
{  -0.033136 -0.0679931  0.0820641  -0.163672 -0.0424041 }
stddev
[  -0.129371  -0.208096  -0.199254  -0.224672  -0.206579
 -0.331101  -0.281382  -0.274205  -0.166695  -0.347859
 -0.253134  -0.313517  -0.277752  -0.197252 -0.0169886
-0.0165175  -0.165753   -0.13058  -0.230428  -0.148628
  -1.57896   -1.45314   -1.56592    -1.4931   -1.55555
 -0.398447  -0.494179  -0.367258  -0.312294  -0.262559
 -0.287163  -0.178659  -0.271878  -0.461095  -0.269047
 -0.504643   -0.62538  -0.469282  -0.729204  -0.629196
  -1.64815   -1.61229   -1.65479    -1.5062   -1.63967
  -2.08963   -1.95614   -1.98427   -1.91833    -1.9849 ]
{ -0.587162  -0.55474  -0.64432 -0.518769  -0.49685 }
layer 
[ -1.83058
-1.69751
-1.79113
-1.61143
-1.76937 ]
{ -1.53152 }
stddev
[  -3.5097
-3.32733
-3.36811
-3.33478
-3.35984 ]
{ -5.50999 }
