numb_input 5
numb_output 1
deep 5
nepoch 0
loss_func GOOGLE
step 0.005
topology 5 5 10 5 1 
active_funcs linear lrelu lrelu lrelu linear 
input_transforms
	normal 4 0 200 95.03 32.23
	normal 4 0 180 27.55 22.95
	normal 4 37 51 40.43 3.146
	linear 2 0 0.57
	linear 2 0 6.2832
output_transforms
	linear 2 100 200
adagrad_rate 0.99
dropout_rate 0
regulization_rate 0.01
viscosity_rate 0.9
layer 
[   0.278626   -0.18313  -0.618394   0.280592  -0.738876
  0.665096   0.600412   0.199356  -0.309709   0.110968
-0.0603843  0.0687026   0.246376 -0.0200286  -0.343356
 0.0988365  -0.433215   0.687939  0.0486548  -0.404513
 -0.138717 -0.0712753    0.54346  -0.410372   0.427877 ]
{   0.34858  0.384242  0.543754 -0.214402 -0.250517 }
stddev
[  0.0835877   0.054939   0.185518  0.0841775   0.221663
  0.199529   0.180124  0.0598067  0.0929128  0.0332903
 0.0181153  0.0206108  0.0739129 0.00600857   0.103007
 0.0296509   0.129965   0.206382  0.0145964   0.121354
 0.0416152  0.0213826   0.163038   0.123112   0.128363 ]
{  0.104574  0.115273  0.163126 0.0643207 0.0751552 }
layer 
[   -0.370107     0.22524    0.565176    0.316308    0.382631   -0.422231    0.108023    0.397413      -0.362   -0.197271
  -0.580017   -0.568936   -0.223581   -0.269467   -0.303335    0.386896   -0.348365   0.0393105   -0.311405    0.459337
  -0.293953 -0.00908313     0.50503   0.0852425   -0.139136   -0.319886   -0.368181    0.560655    -0.53539   -0.446986
   0.213045    -0.35112    0.133886   -0.332501   -0.530174   -0.610714    0.446526   -0.244126   -0.489426    0.520427
   0.133138   -0.290199   -0.294336    0.402715 -0.00116282   -0.420619    0.497135    0.320646    0.454936    -0.50562 ]
{  0.588184  0.270602   -0.1765 -0.183408  0.372884  0.454793 0.0268165  0.127324 -0.497548 0.0485583 }
stddev
[    0.111032   0.0675721    0.169553   0.0948923    0.114789    0.126669    0.032407    0.119224      0.1086   0.0591813
   0.174005    0.170681   0.0670743   0.0808402   0.0910006    0.116069     0.10451   0.0117931   0.0934216    0.137801
  0.0881859  0.00272494    0.151509   0.0255727   0.0417408   0.0959658    0.110454    0.168196    0.160617    0.134096
  0.0639134    0.105336   0.0401658   0.0997504    0.159052    0.183214    0.133958   0.0732378    0.146828    0.156128
  0.0399413   0.0870598   0.0883009    0.120814 0.000348847    0.126186     0.14914   0.0961939    0.136481    0.151686 ]
{   0.176455  0.0811806  0.0529499  0.0550223   0.111865   0.136438 0.00804495  0.0381973   0.149265  0.0145675 }
layer 
[    0.339161    0.416957    0.492728    0.300963    0.513424
    0.24293    0.395982   -0.223459   -0.582672    -0.17824
   0.332648   -0.187138    0.475325    0.516403   0.0875371
   0.603436    0.514022   -0.316228  0.00115619   -0.306169
  0.0570005    0.539011    0.225588   -0.611692   -0.296673
   0.197328   -0.364657    0.215753  -0.0590524 -0.00590724
   0.368393   -0.315704    -0.49389   -0.433972  -0.0383701
  -0.536145    0.365892   -0.380051    0.389157   0.0200786
   0.125527   -0.179188   -0.289378   0.0372586    -0.27247
  -0.508188   -0.427733   -0.358983    0.324011    0.414898 ]
{   0.224801  -0.412198  -0.441017  0.0676709 -0.0959702 }
stddev
[    0.101748    0.125087    0.147818    0.090289    0.154027
  0.0728791    0.118795   0.0670378    0.174802   0.0534719
  0.0997945   0.0561413    0.142597    0.154921   0.0262611
   0.181031    0.154207   0.0948683 0.000346856   0.0918507
  0.0171001    0.161703   0.0676765    0.183508   0.0890019
  0.0591983    0.109397    0.064726   0.0177157  0.00177217
   0.110518   0.0947112    0.148167    0.130191    0.011511
   0.160843    0.109768    0.114015    0.116747  0.00602357
   0.037658   0.0537563   0.0868134   0.0111776   0.0817411
   0.152456     0.12832    0.107695   0.0972032    0.124469 ]
{ 0.0674404  0.123659  0.132305 0.0203013  0.028791 }
layer 
[    0.659377
  -0.551867
  0.0673489
  -0.941536
-0.00941389 ]
{ 0.499747 }
stddev
[   0.197813
   0.16556
 0.0202047
  0.282461
0.00282417 ]
{ 0.149924 }
