numb_input 5
numb_output 1
deep 4
nepoch 20
loss_func GOOGLE
step 0.00025
topology 5 7 3 1 
active_funcs linear bent bent linear 
input_transforms
	normal 4 0 900 434 148.8
	normal 4 0 1000 254.5 152.5
	normal 4 0 1.571 0.3702 0.2225
	normal 4 0 6.285 3.162 1.817
	normal 4 37 51 39.96 2.85
output_transforms
	normal 4 0 1 0.8114 0.1044
adagrad_rate 0.999
regulization_rate 1e3
viscosity_rate 0.9
layer 
[     1.5099   0.715329   -1.07757  -0.734122  -0.799975   -1.40141   -2.00486
   1.63633   -0.12077   -1.40113  -0.715315   -1.06761   -1.34407   -1.86714
 0.0369069 -0.0672351    -0.0436  0.0358629 -0.0206281   0.136729 -0.0998974
0.00672997  0.0359251  0.0164016 -0.0674228 -0.0277406  0.0498097 -0.0121945
 -0.128917  0.0491605  0.0302088   0.133023  -0.188824  -0.128292 -0.0046689 ]
{  0.611448 -0.202344  -1.47961  -1.43298  -3.22773 -0.904843  -0.90821 }
stddev
[ 0.000754928  0.00644956 0.000462238 0.000679503   0.0058499 8.04348e-05 0.000423044
0.000316422  0.00965914 0.000310791  0.00447763   0.0383028 1.12449e-05 0.000185244
5.15713e-06  0.00229746  0.00022832   0.0198498   0.0967167 0.000144018 2.07233e-05
0.000109406  0.00536289  2.3202e-05  0.00714276   0.0144633 0.000492989  0.00064431
8.12343e-05  0.00381139 0.000494294  0.00032825   0.0340131 0.000195142 0.000462789 ]
{ 6.25828e-06  0.00318062 7.51336e-05  0.00269529    0.100592 8.09307e-05 0.000125396 }
layer 
[  -0.492636 -0.0922887   0.539463
 -0.315873  -0.282399  0.0364547
   0.61819    0.67822 -0.0270013
  0.108136   0.725617  -0.525449
  0.609103   0.915251  -0.162042
  0.280345   0.650309  -0.616328
   0.44089   0.331142  -0.903192 ]
{ -0.152971  -1.49956  -2.89166 }
stddev
[ 0.000486961  0.00188282 0.000313528
0.000190762   0.0156751 0.000294622
0.000491994  0.00083383 5.47367e-05
8.13498e-05   0.0353495  0.00024718
0.000374079  0.00044208 1.24046e-05
0.000247608  0.00193564 1.30984e-05
0.000147878  0.00359943 0.000209252 ]
{ 0.000285404  0.00160427  0.00024238 }
layer 
[ -1.12442
-2.27537
0.948369 ]
{ -1.96237 }
stddev
[ 5.76263e-05
0.000193503
0.000231497 ]
{ 0.00082798 }