numb_input 5
numb_output 1
deep 4
nepoch 14
loss_func GOOGLE
step 0.000357143
topology 5 10 5 1 
active_funcs linear th th linear 
input_transforms
	normal 4 0 900 434 148.8
	normal 4 0 1000 254.5 152.5
	normal 4 0 1.571 0.3702 0.2225
	normal 4 0 6.285 3.162 1.817
	normal 4 37 51 39.96 2.85
output_transforms
	normal 4 700 800 750 28.87
adagrad_rate 0.999
regulization_rate 50
viscosity_rate 0.9
layer 
[   -0.458298    -3.01199    0.104999   0.0780738    0.551512    0.353071     4.43814    0.627176    0.356026    0.690172
   0.714943    -3.26828    0.414518   0.0128091    0.389327    0.412023     4.38739     -0.2769    0.394743    0.505476
  0.0239989    0.052322  0.00831827  -0.0223739   0.0416967    0.137553  -0.0859138  -0.0721663   -0.107706    0.111459
 -0.0159088  0.00483251   -0.103621  -0.0517378 -0.00790085  -0.0824637   0.0221745   0.0239546  -0.0223157  -0.0127075
 -0.0530009   -0.053536    0.741792   0.0183091   -0.014434  -0.0642229    0.111012  -0.0157801  -0.0558817    -1.08988 ]
{   0.767617  -0.605446  -0.518776 -0.0345985   0.327449   0.191646    1.97799 -0.0759143 -0.0174325  -0.856182 }
stddev
[ -5.29035 -7.39373 -5.68136 -4.43496 -6.34469 -6.27334 -7.08003 -4.83943 -5.33369 -5.09002
-6.90623 -7.17286 -5.51201 -6.17863 -5.11117 -5.27117 -6.71301 -5.02466 -6.13338  -6.7042
-5.45324 -7.47613 -6.33734 -6.28343 -6.15339  -6.3736 -9.40282 -5.71719 -6.62109 -5.93893
-6.12811 -7.31821 -5.98965 -5.48985 -5.51828 -6.65863 -6.96705 -5.48874 -5.75274 -6.63828
-5.23039 -7.76937 -5.33694 -5.16683 -5.33406 -5.52696 -8.17474 -6.45986 -6.71831  -6.9812 ]
{ -6.74736 -7.44368 -6.66279 -4.86112 -5.14538 -5.93397 -7.38872 -5.27709 -6.67698 -6.31729 }
layer 
[ -0.00774526    0.732354    0.452116    0.118705   0.0934983
   0.527619   -0.715259   -0.288147     -1.1537    0.746809
  -0.606078    0.454147    0.405226   -0.201548  -0.0109128
   0.262931    0.117994    0.231035  -0.0911233  -0.0438103
  0.0243681    0.666021     0.13589   -0.682667   -0.148568
  -0.188416    0.449636    0.181853   -0.561133  -0.0603901
  -0.888475    0.660841     0.62114    0.534303   -0.573858
  0.0710718  -0.0987885   -0.137296   -0.518479  -0.0133154
 -0.0862442      0.5575    0.094513   -0.461177  -0.0761187
  -0.722301    0.145126    0.781353    0.285494   0.0216907 ]
{ -0.0209153   0.223751   0.255053    0.32803    1.21418 }
stddev
[ -6.07506 -5.98146 -6.19924 -6.03848 -8.48804
 -6.5228 -6.71302  -6.4619 -5.55277 -7.98038
-6.59391 -6.21384 -7.57991 -5.61465  -7.2958
-5.89234 -6.83185 -6.53032  -5.6347 -7.49672
-4.77875 -5.83344 -7.66224 -6.01855 -7.11076
-6.73361 -6.36793 -7.54913 -5.54926 -8.07072
-6.61643 -7.20746  -6.3211 -6.44254  -8.5255
 -6.5866 -7.18634 -6.22746 -5.38461 -8.31344
-5.95266 -6.83518  -7.8029 -6.23047   -7.686
-7.35952 -6.30383 -7.81284 -6.32354 -7.39042 ]
{ -6.14846  -6.1045 -7.44797 -6.32207 -8.35323 }
layer 
[ -0.171923
 0.267788
 0.117899
 0.370688
-0.993833 ]
{ 0.580776 }
stddev
[ -9.21967
-8.84966
-9.44736
-10.9831
-9.11771 ]
{ -9.59395 }
