numb_input 3
numb_output 2
deep 4
nepoch 0
loss_func SMAE
step 1e-5
topology 3 5 5 2
active_funcs linear lrelu lrelu linear
input_transforms
	normal 4 0 900 434 148.8
	normal 4 0 1000 254.5 152.5
	normal 4 37 51 39.96 2.85
output_transforms
	linear 2 -1 1
	linear 2 -1 1
adagrad_rate 0.99
dropout_rate 0.2
regulization_rate 0
viscosity_rate 0.9
layer 
[   -0.356159    0.024995   -0.482202   -0.494868 -0.00879167
   0.182831  -0.0220949    0.434816    0.326425   -0.257073
   0.254781   -0.024397    0.628142    0.518134   -0.201707 ]
{ -0.497036   0.56675 -0.776498 -0.331633 -0.699743 }
layer 
[  -0.712225   0.109676  -0.262905  -0.286469   0.223952
 -0.592407   -1.18788 -0.0204088  -0.458515   0.037153
   0.40575  -0.088375     1.1982  -0.652565  0.0122785
-0.0867188 -0.0565786  -0.421616   0.877222  0.0324581
 -0.665996  -0.204879 -0.0605019  -0.271551    0.14697 ]
{    0.0868746     0.733552    0.0160263 -0.000473277     0.039407 }
layer 
[   1.12383 -0.496254
  3.55234  -3.93767
  1.30516  -2.46346
 0.874911  -3.25062
-0.126703   2.68897 ]
{ -0.104427 -0.107176 }
