numb_input 1
numb_output 1
deep 5
nepoch 32
loss_func GOOGLE
step 1.29727e-06
topology 1 10 10 10 1 
active_funcs linear th th th linear 
input_transforms
	normal 4 -3.1416 3.1416 0 1.814
output_transforms
	normal 4 -1 1 0 0.5
adagrad_rate 0.99
dropout_rate 0
regulization_rate 1000
viscosity_rate 0.9
layer 
[    -2.2396    -3.2536    1.86484 0.00166087   -1.81428   0.129645  -0.198808 -0.0132671   0.102441   0.156887 ]
{   0.0702697  -0.0173491     1.92578 -0.00875871     1.85678   0.0163378  -0.0155635   -0.156551  -0.0088601 -0.00776258 }
stddev
[ -2.56191 -3.31063  -6.0234 -3.35861 -6.02744 -3.61296  -3.0394 -3.52593 -3.84369 -3.70328 ]
{ -3.56789 -4.32395 -6.05079 -3.48234 -6.04199 -3.73055 -3.22086 -3.65296 -3.96764 -3.83538 }
layer 
[     2.14661     2.04878   -0.813102   0.0363634    -2.27076   -0.307902     0.33184    0.203026   -0.294184    -1.60896
    2.88366     1.83025   -0.847561   -0.141743     -2.9732    -1.52666     1.56936   0.0615943    -1.83904    -2.27951
  -0.922462    -2.21771     2.74887    -1.47022      2.3666     2.11369    -2.78564    -4.24203    -2.43107   -0.948794
-0.00768279   -0.103992    0.272274  0.00179451   0.0813183   -0.175476 -0.00286028 -0.00523354 -0.00126746   -0.170196
     3.1996   -0.132862     1.58158    -1.47168     1.26922     1.86395    -2.24358    -3.72357    -2.45432    -3.95857
 -0.0647918    0.269675    -0.37441  0.00138325   -0.036898    0.595459 -0.00635244   0.0430891 -0.00905936    0.264167
  -0.131634    -0.20595    0.209378 -0.00251213  -0.0958812   -0.145257  0.00615576  -0.0327239  0.00362468   0.0731387
 -0.0776235   -0.441927   -0.273261  0.00409243    0.293367    0.388272  -0.0146658   0.0592783  -0.0203165     0.36004
 -0.0676457   -0.100981   -0.027716   0.0011619    0.266206    0.166229 -0.00993133   0.0533904  -0.0124125    0.384844
  -0.301299   -0.697671   -0.127392  0.00354044    0.701554    0.200078  -0.0152427    0.102674  -0.0316007    0.954977 ]
{  -1.41345   1.61791 0.0641004   1.70999  -2.19546  -1.99529   2.97234  0.532316   2.66748     1.662 }
stddev
[    -0.877201    -0.177752    -0.764352     -2.96644     -1.23523     -1.66042     -3.05464     -3.59455      -2.7304     -1.60057
    -1.39064    -0.266719    -0.825664     -3.05914     -1.61393     -1.77237     -3.39237     -3.62424     -2.92004     -1.83513
    -2.06712     -0.12555    0.0276952       -3.939     -1.96906     -1.58695     -3.20913     -3.26346     -3.34029     -2.05106
-0.000319105     0.460933     0.550367     -2.48974   -0.0211568    -0.243265     -2.29316     -1.37714     -1.80414     0.263747
    -1.93553    -0.607486    -0.994449      -5.3537     -2.06674      -1.6301     -5.29571      -3.5273     -4.59812      -1.7375
    0.104428     0.578462     0.392795     -1.96831   0.00148428    -0.127026      -2.1997     -1.92828     -1.59515     0.186228
   -0.244009     0.294808     0.262747     -2.49508    -0.349489    -0.705641     -2.85834     -2.41015     -2.15913    -0.341979
   -0.654492     0.478662     0.140102     -2.03191    -0.857437    -0.835191     -1.78667     -2.16776     -2.18566    -0.493448
    0.274821     0.785671     0.560909     -1.68594     0.190324   -0.0255436     -1.47195     -1.84956     -2.19447     0.272965
   0.0182078      0.46236     0.193029     -1.86184    -0.182029    -0.567444     -1.74943     -2.40937     -1.82725  -0.00711483 ]
{   -2.0642 -0.553946  -1.00308  -3.08972  -2.10577  -1.87725  -3.41396  -3.60838  -3.12173   -2.0608 }
layer 
[      1.08161      1.01826     0.853745     0.486679     0.912289     0.741317   -0.0748259    -0.750214      1.21845    0.0921365
  -0.0291231    -0.247947   -0.0142659    0.0363699    -0.418932     0.102475   -0.0240463     0.455954   -0.0492891     0.536737
    0.931031     0.593028    -0.424422  0.000428749     0.144229     0.778794    0.0119111   -0.0211839  -0.00879044     0.286507
    -3.05019      1.88748    -0.950001    -0.862065     -2.45292     -1.97863     -1.48668       4.0959    -0.878832      2.60392
    0.715662     -1.12755     0.706983     0.594519    0.0892199     0.894992      0.75259    -0.612402   -0.0483331    -0.160159
       1.206    -0.586644    0.0893984 -0.000913392      1.43035      1.48947   -0.0530403    -0.520356     0.660367     -1.12653
    -1.30573      3.74339     -2.11209     -1.11007     -1.28377     -1.73309     -1.56323      2.62204    0.0660865      4.46894
    -2.49684    -0.263634     0.223933     -1.57419      -2.1611    -0.487531     -0.93593     0.064727    -0.137914      2.55653
    -1.58528     0.777425     -1.47442    -0.633035     -1.20267     -1.02075    -0.834664      2.42908     -2.42838     0.428647
    -0.86063    -0.288979    -0.428358    -0.464254    -0.928023    -0.337665      0.57075     0.630242     0.814428    -0.731981 ]
{  0.0922206    2.87252   -2.98031   -1.63507 -0.0103664  -0.780555   -0.91194    2.74243   0.258816    1.35287 }
stddev
[  -0.165532   -1.87368   -3.42732   -3.19786   0.201204  -0.404826   -2.03388   -2.52665   -1.72842   -1.36258
 -0.171025   -1.68181   -3.34763   -3.24435   0.328053  -0.252105   -2.31045    -2.4846    -1.8081   -1.29975
 -0.113551   -1.75197    -3.3728   -4.23721   0.312191  -0.200392   -2.21314   -2.37564   -2.20965   -1.24234
 0.0557415   -1.77162   -3.35974   -4.70098   0.430627  0.0701631   -3.62899    -2.0378   -3.43332   -1.22683
 -0.191859   -1.84126   -3.54067   -5.76399   0.421719   0.195831   -4.10697   -2.49324   -3.72198   -1.31675
 0.0405051   -1.60643   -3.22643     -4.213   0.357473   0.116629   -2.69077    -2.3341   -2.66024  -0.593549
-0.0141712   -1.51193   -3.20904   -4.30578   0.164802     0.3109   -2.60713    -2.3677   -2.76569  -0.579956
-0.0576808   -1.83821   -3.47595   -4.07969   0.528897  -0.226017    -2.5078   -2.49318   -2.66456   -1.08747
 0.0381923    -1.9208   -3.30053   -4.19276   0.485148   0.113007   -2.77176   -2.31842   -2.50215   -1.34798
 -0.103868   -1.95673    -3.3214   -4.02226   0.126838  -0.425436   -2.62839   -2.48409   -2.56836   -1.37284 ]
{  -0.186254   -1.85408   -3.44446    -3.2654 -0.0470562  -0.562042   -2.27533   -2.54339   -1.94616    -1.3969 }
layer 
[ 0.000888977
 -0.0136951
   0.134352
    1.31805
0.000260674
0.000114818
    0.26241
 -0.0382789
   0.237662
 -0.0112553 ]
{ -0.0172035 }
stddev
[ -6.11315
-6.10743
-6.07212
 -5.9488
-6.10306
-6.09039
-6.03812
-6.10576
-6.05279
-6.12064 ]
{ -6.16943 }
