numb_input 1
numb_output 1
deep 4
nepoch 32
loss_func GOOGLE
step 2.16212e-05
topology 1 10 10 1 
active_funcs linear bent bent linear 
input_transforms
	normal 4 -3.1416 3.1416 0 1.814
output_transforms
	normal 4 -1 1 0 0.5
adagrad_rate 0.99
dropout_rate 0
regulization_rate 10
viscosity_rate 0.9
layer 
[   0.00160954  1.23432e-05  -0.00119642 -0.000917574  0.000339296 -0.000238235      -2.1514   0.00116159  -0.00117688      2.18187 ]
{  -0.00178569     0.001156  0.000440699  -0.00189516 -0.000412774  -0.00147313    -0.771209  0.000695637  -0.00151479    -0.787801 }
stddev
[ -4.46883 -4.46137 -4.43966 -4.41136 -4.46483 -4.42014 -6.06276 -4.42769 -4.41602 -6.04851 ]
{ -4.40624 -4.39199 -4.39538 -4.37799 -4.40878  -4.3896 -6.01327   -4.346 -4.37461 -6.00396 }
layer 
[  -0.00389872  0.000342017     0.174572   -0.0714465 -0.000126891      0.11942    0.0458036    0.0562597    0.0777865  -0.00970226
 -0.00320525   -0.0038587     0.128443    0.0682446  -0.00647897   -0.0682589    0.0470673   -0.0716515    0.0388815     0.203909
   0.0029735    0.0023892     0.148195    0.0357923   0.00297072   -0.0346482   -0.0210516   -0.0412773   0.00128312    0.0322653
  0.00233478  -0.00384234   -0.0832038    0.0549368 -7.60503e-05   -0.0014238  -0.00224933      0.05089   -0.0646033   -0.0876729
 -0.00148134  0.000467784    -0.124492   -0.0263892  -0.00214998   -0.0499093     0.109225   -0.0357568    0.0572361     0.111102
 -0.00348925  0.000391148    0.0136687   -0.0151183  -0.00472928     0.059248    0.0462583   -0.0211669    0.0520875   -0.0481218
   -0.455381      1.45266   0.00211286   0.00676439      1.65948 -0.000767197  -0.00626107   -0.0059696  0.000385254   -0.0047703
  0.00401942   0.00277236  -0.00399552     0.115694   0.00159002     0.160652    0.0450381   -0.0109254    -0.118478    0.0590069
 0.000984776  -0.00158124   -0.0268378    0.0185857  -0.00112991   -0.0973595    0.0430978    0.0966461   -0.0264261    -0.118181
     1.43866    -0.441032 -0.000685698   0.00189894      1.63818  -0.00281136  -0.00297006  -0.00672637  -0.00268093  -0.00622427 ]
{    0.18446   0.179217 -0.0560064  -0.054088  -0.785877  -0.048727  -0.049844 -0.0579049 -0.0540171  -0.053523 }
stddev
[ -2.52075 -2.50952  4.37536  4.48872  -2.3467  4.29446    4.149  4.31667  4.42526  4.59325
-2.50612 -2.53776   4.4029  3.90721 -2.36401  4.57733    4.187  3.92994  4.13238  4.47633
-2.50889 -2.53723  4.23604   3.9407 -2.34969  4.28358  3.87272  4.43585  4.35523  4.37294
-2.53883 -2.56198   4.0594  4.14929 -2.37036   4.0074  4.21036  4.15257   4.0953  4.47242
-2.51994 -2.54629  4.32115  4.29667  -2.3379  4.47775  4.11908  4.15143  4.18491  4.43892
-2.52658 -2.52922  4.10696   4.4307 -2.35715  4.09581  4.25354  4.39812  4.18217  4.23525
-6.91968 -6.99265 -2.11014 -2.07158  -6.9028 -2.06808 -2.14685 -2.06393 -2.03686 -2.01007
-2.55539 -2.55433  4.08189  4.21939 -2.39002  4.24603  3.86986  3.91706  4.44236  4.27244
-2.55169 -2.53889  4.31012  4.42775 -2.39275  4.02109  4.03699  4.43657   4.0949  4.67508
-7.00709  -6.9393 -2.15885 -2.09375 -6.93246 -2.09043 -2.11901 -2.09356 -2.05083 -2.09989 ]
{ -6.33453 -6.33766 -1.49893 -1.44032 -6.06648 -1.42473  -1.5257 -1.46641 -1.48997 -1.47202 }
layer 
[    -0.984671
   -0.991238
-0.000396566
 0.000232809
     1.04545
-0.000146045
   0.0024432
 0.000565863
-0.000276146
  0.00163294 ]
{ 3.13551 }
stddev
[ -7.66203
 -7.6644
-5.35188
-5.38265
-6.54624
-5.39775
-5.31865
 -5.3697
-5.38374
-5.39912 ]
{ -6.31811 }
