numb_input 1
numb_output 1
deep 4
nepoch 0
loss_func GOOGLE
step 0.05
topology 1 10 10 1 
active_funcs linear bent bent linear 
input_transforms
	normal 4 -3.1416 3.1416 0 1.814
output_transforms
	normal 4 -1 1 0 0.5
adagrad_rate 0.99
dropout_rate 0
regulization_rate 10
viscosity_rate 0.9
layer 
[ -0.716651 -0.454031  0.592508  0.437037 -0.610398 -0.719735  0.481414  0.492074 -0.719913 -0.565608 ]
{ -0.388828  0.655209  0.202468  0.403456  0.284059  0.658103 -0.204459   0.27533  0.133743  0.284547 }
stddev
[ 0.214995 0.136209 0.177752 0.131111  0.18312  0.21592 0.144424 0.147622 0.215974 0.169683 ]
{  0.116648  0.196563 0.0607405  0.121037 0.0852178  0.197431 0.0613376 0.0825989 0.0401229 0.0853641 }
layer 
[    0.343014    0.272479   -0.461744    0.104232   -0.496014   -0.275176    0.408621   -0.141444    0.314795   0.0446652
   0.321357   -0.175696    0.293348    0.340284   -0.261695   -0.279645    0.212115    0.422348     -0.1991   0.0116925
   0.490133     0.12174    0.130139   -0.498429   -0.471765    0.169841     0.53332    0.092997   -0.486379  -0.0761321
 -0.0962154    0.164172    0.236133   0.0466417    0.173449    0.402686    0.457915  -0.0654873  -0.0630862   0.0302631
   0.381655   -0.399303   0.0448364   -0.303654      0.4502    0.504211   -0.288966   0.0480739   -0.344137  -0.0781148
   0.396949    0.216779    -0.20692    0.430949   -0.323346   -0.333045   -0.318056 -0.00452596   -0.529891    0.182625
  -0.103096    0.178125    0.176473   -0.104132   -0.157495   -0.351957    0.341142    0.158889    0.151592     0.25993
   0.130323    0.505445    0.440928    0.140972   0.0806016    0.132962    0.154625    0.438302   -0.148371   -0.284695
  -0.191937   0.0339881    0.544993   0.0135494   -0.365624   -0.439839    0.370639   -0.471647    0.150794   -0.210473
 -0.0892639    0.191945   -0.272063    0.251654    0.424216   -0.354686   -0.193031    0.340988    0.259475   0.0828463 ]
{  0.0699964   0.195805 -0.0425285  -0.384729  -0.417405  -0.542177   0.158467   0.289207   0.443847   0.234543 }
stddev
[   0.102904  0.0817436   0.138523  0.0312695   0.148804  0.0825527   0.122586  0.0424333  0.0944385  0.0133996
 0.0964071  0.0527089  0.0880044   0.102085  0.0785084  0.0838934  0.0636346   0.126704    0.05973 0.00350774
   0.14704   0.036522  0.0390417   0.149529    0.14153  0.0509524   0.159996  0.0278991   0.145914  0.0228396
 0.0288646  0.0492515    0.07084  0.0139925  0.0520346   0.120806   0.137375  0.0196462  0.0189259 0.00907892
  0.114497   0.119791  0.0134509  0.0910961    0.13506   0.151263  0.0866897  0.0144222   0.103241  0.0234344
  0.119085  0.0650337  0.0620759   0.129285  0.0970039  0.0999134  0.0954168 0.00135779   0.158967  0.0547875
 0.0309289  0.0534374  0.0529419  0.0312397  0.0472484   0.105587   0.102343  0.0476667  0.0454775  0.0779789
 0.0390968   0.151634   0.132279  0.0422917  0.0241805  0.0398885  0.0463874    0.13149  0.0445113  0.0854086
  0.057581  0.0101964   0.163498 0.00406482   0.109687   0.131952   0.111192   0.141494  0.0452381  0.0631419
 0.0267792  0.0575836  0.0816189  0.0754961   0.127265   0.106406  0.0579093   0.102296  0.0778426  0.0248539 ]
{ 0.0209989 0.0587416 0.0127585  0.115419  0.125221  0.162653 0.0475402  0.086762  0.133154 0.0703629 }
layer 
[  0.111206
 0.284404
-0.690758
 0.193921
-0.539211
-0.416243
 0.217965
 0.403744
 0.122243
-0.317253 ]
{ 0.0150718 }
stddev
[ 0.0333617
0.0853211
 0.207227
0.0581762
 0.161763
 0.124873
0.0653896
 0.121123
0.0366728
 0.095176 ]
{ 0.00452153 }
