numb_input 1
numb_output 1
deep 5
nepoch 0
loss_func GOOGLE
step 0.05
topology 1 10 10 10 1 
active_funcs linear sigmoid sigmoid sigmoid linear 
input_transforms
	normal 4 -3.1416 3.1416 0 1.814
output_transforms
	normal 4 -1 1 0 0.5
adagrad_rate 0.99
dropout_rate 0
regulization_rate 1
viscosity_rate 0.9
layer 
[  -0.346104  -0.585588   0.215672    0.08046  -0.721822  -0.168188   0.700155   0.463432 -0.0394225  0.0287518 ]
{  0.219083 -0.528865  0.349096  0.671113  0.613612  0.586284 -0.518877 -0.513897  0.110962 -0.559117 }
stddev
[   0.103831   0.175677  0.0647015   0.024138   0.216547  0.0504564   0.210047    0.13903  0.0118267 0.00862553 ]
{  0.065725  0.158659  0.104729  0.201334  0.184084  0.175885  0.155663  0.154169 0.0332885  0.167735 }
layer 
[   0.412289   0.229475  -0.382258  -0.298976  -0.264787   0.198892  -0.441894 -0.0276346  -0.174769  -0.345798
  0.263315  -0.434778  -0.544948  -0.218246  -0.142949  -0.475978    0.51945  0.0471352  -0.438257  -0.383918
 -0.474812  0.0319254  -0.156763    -0.4384   0.137246   0.202264  -0.508349  -0.299337  -0.150227  -0.122769
 -0.421376  -0.158301   0.424361  -0.226066   0.314861  -0.505594  -0.332572  -0.438112  -0.520227  -0.306424
  0.439285   0.172615   0.500486 -0.0918998   0.246472   0.496105  -0.254338  -0.185727  -0.396128  -0.168767
 -0.119255  0.0443305  -0.249419  -0.546837  -0.237862   0.155027  -0.052526   0.494857  -0.201845   0.170616
-0.0913743    0.26469   0.311438   0.202402  -0.188531   -0.20729  -0.331686  -0.128251   0.182523   0.188772
  0.174413   0.144142  -0.432046   0.364448 -0.0365611   0.259821   0.495787   0.173465 -0.0556956  0.0472697
  0.369622  -0.159702 -0.0828124   0.175298   0.454002   0.270704    -0.2358 -0.0894266  -0.489746    0.11868
-0.0815132  -0.312269  -0.153993  0.0243013   0.199489    0.25762   0.391335  -0.221971 -0.0944964   0.500695 ]
{   -0.109118   -0.456678 0.000107507    0.139267   -0.347067    0.362103   0.0864016    0.072405  -0.0121545    0.544698 }
stddev
[   0.123687  0.0688424   0.114677  0.0896928  0.0794362  0.0596677   0.132568 0.00829038  0.0524306   0.103739
 0.0789946   0.130433   0.163484  0.0654739  0.0428848   0.142794   0.155835  0.0141406   0.131477   0.115175
  0.142444 0.00957763   0.047029    0.13152  0.0411737  0.0606792   0.152505  0.0898012  0.0450681  0.0368307
  0.126413  0.0474904   0.127308  0.0678197  0.0944582   0.151678  0.0997715   0.131433   0.156068  0.0919273
  0.131786  0.0517845   0.150146  0.0275699  0.0739415   0.148832  0.0763015   0.055718   0.118838    0.05063
 0.0357764  0.0132991  0.0748256   0.164051  0.0713586  0.0465082  0.0157578   0.148457  0.0605534  0.0511847
 0.0274123  0.0794069  0.0934315  0.0607207  0.0565594   0.062187  0.0995059  0.0384753  0.0547568  0.0566317
 0.0523239  0.0432425   0.129614   0.109335  0.0109683  0.0779463   0.148736  0.0520394  0.0167087  0.0141809
  0.110886  0.0479106  0.0248437  0.0525895   0.136201  0.0812111    0.07074   0.026828   0.146924  0.0356039
 0.0244539  0.0936808  0.0461978  0.0072904  0.0598468   0.077286     0.1174  0.0665914  0.0283489   0.150208 ]
{  0.0327354   0.137003 3.2252e-05  0.0417801    0.10412   0.108631  0.0259205  0.0217215 0.00364636   0.163409 }
layer 
[     0.398156     0.476321     0.239584    -0.287828     0.160017    0.0723826 -0.000196541   -0.0589833     0.529722     0.427558
    0.360799     0.404264    -0.510471    -0.238058     0.194983     0.211843    -0.233232     0.544672    -0.485536     0.355516
   -0.441282     0.267866      0.18617    -0.145005    -0.412194    -0.384842     0.318828    0.0117337   -0.0537072    -0.242079
   -0.299793     -0.19417    -0.308031    -0.181387    -0.119839     -0.28917     0.402521    0.0765456    -0.402843     0.198664
    0.388295    -0.449883     0.176518   0.00987109     -0.54691     0.451535     0.133104     -0.12289    -0.226983     0.210315
   -0.289688    -0.448623     0.386826    -0.304433    -0.314354     0.339399    -0.219023    0.0125464    -0.149895     0.438747
   0.0460846     0.524168     -0.49365     0.076648   -0.0207399    -0.450067    -0.449634     0.309914     0.484279     0.527363
   0.0230948     0.286612    -0.284803    -0.491767      0.52498     0.505608    -0.337971     0.404093    -0.129328     0.308403
    0.202339     0.146369   -0.0884918     0.266385     0.519981    -0.493126    -0.163067   -0.0101958     -0.19201    -0.446946
    0.104061    0.0951247    0.0419184    -0.268735    -0.422093   0.00916375     0.364473     0.282173     0.538875    -0.183427 ]
{  0.125154 0.0417934 -0.186477 -0.410835 -0.429384  0.238355  0.149434  0.428253 0.0947255 -0.408485 }
stddev
[    0.119447    0.142896   0.0718753   0.0863483   0.0480051   0.0217148 5.89624e-05    0.017695    0.158917    0.128268
    0.10824    0.121279    0.153141   0.0714174   0.0584949   0.0635528   0.0699695    0.163402    0.145661    0.106655
   0.132385   0.0803598   0.0558509   0.0435015    0.123658    0.115453   0.0956485  0.00352011   0.0161122   0.0726238
   0.089938   0.0582511   0.0924092   0.0544161   0.0359518   0.0867511    0.120756   0.0229637    0.120853   0.0595992
   0.116488    0.134965   0.0529555  0.00296133    0.164073     0.13546   0.0399312    0.036867    0.068095   0.0630944
  0.0869063    0.134587    0.116048   0.0913298   0.0943062     0.10182    0.065707  0.00376392   0.0449685    0.131624
  0.0138254     0.15725    0.148095   0.0229944  0.00622197     0.13502     0.13489   0.0929743    0.145284    0.158209
 0.00692845   0.0859837   0.0854408     0.14753    0.157494    0.151682    0.101391    0.121228   0.0387984    0.092521
  0.0607018   0.0439108   0.0265475   0.0799154    0.155994    0.147938   0.0489202  0.00305874    0.057603    0.134084
  0.0312184   0.0285374   0.0125755   0.0806206    0.126628  0.00274913    0.109342   0.0846518    0.161662    0.055028 ]
{ 0.0375461  0.012538 0.0559431  0.123251  0.128815 0.0715066 0.0448301  0.128476 0.0284177  0.122545 }
layer 
[   0.219389
  0.103456
 -0.466948
 -0.591579
  0.298812
-0.0344633
-0.0551482
  0.213265
    0.5297
  0.424495 ]
{ 0.201334 }
stddev
[ 0.0658167
0.0310368
 0.140084
 0.177474
0.0896436
 0.010339
0.0165445
0.0639794
  0.15891
 0.127348 ]
{ 0.0604003 }
