numb_input 5
numb_output 1
deep 5
nepoch 0
loss_func HUBER
step 1e-3
topology 5 5 10 5 1 
active_funcs linear lrelu lrelu lrelu linear 
input_transforms
	normal 4 0 900 434 148.8
	normal 4 0 1000 254.5 152.5
	normal 4 37 51 39.96 2.85
	linear 2 0 0.57
	linear 2 0 6.2832
output_transforms
	linear 2 700 800
adagrad_rate 0.99
dropout_rate 0
regulization_rate 0
viscosity_rate 0.9
layer 
[  -0.987216   0.777454   0.416969   0.793301   0.113176
 -0.938679    0.77875   0.609228   0.833456   0.031572
 -0.174769  -0.645271  -0.151179   -0.47717  -0.717768
-0.0954178  -0.502949  -0.142308  -0.415592  -0.911167
  -0.15276   -0.57151  -0.114789  -0.459151  -0.822126 ]
{  0.127801  -1.01176  0.590746 -0.911889 -0.603101 }
layer 
[   0.297744  -0.210246  -0.703951   -1.57166  -0.394835     1.0221  -0.570252  -0.236144  -0.784519    -1.9226
 -0.473398   0.216701   -0.26785   0.824968 -0.0548504  -0.771285   -0.01812   0.211129  0.0175755  -0.709118
  -1.24944   0.816875   0.378241   0.151393   0.621481  -0.307172   0.654975  -0.173727   0.229725   -1.52594
-0.0473532    0.87311   0.601253    1.86037    0.21499   -0.44858   0.116545   0.217191   0.875389  -0.232057
 -0.327855  -0.247937   0.312499  -0.194179  -0.132281  -0.230457   0.325175  0.0591604   -1.52054   0.624371 ]
{ -0.119749  0.301459 -0.657931 -0.559569 0.0721324  0.250932  -0.75491 -0.135477  0.169221  -2.07974 }
layer 
[   -0.405296    0.303492    0.436394    0.724156   -0.262973
  -0.354674    0.528758    -0.18587 -0.00177926    0.202959
 -0.0748538    0.242674   -0.963246   -0.375126  0.00498831
   0.307121    0.551798   -0.621614  -0.0361007     1.69549
   0.792405    0.729388   -0.390968   -0.072698    0.377111
   -1.29846   -0.381067    0.822371    0.449591   -0.872048
  -0.270489    0.156502    -1.02578   -0.700709    0.766752
  -0.518957   -0.291475   -0.200367   -0.698357   -0.333416
   0.255217    0.561659    0.240868   -0.840392    0.603626
   0.449308   -0.533129   -0.592575   -0.208225    0.104343 ]
{ -0.348125  0.501564  0.340399  0.205137  -0.79318 }
layer 
[   1.49934
   1.4314
 -1.02919
-0.383531
  1.49582 ]
{ -0.10843 }
