numb_input 5
numb_output 1
deep 5
nepoch 130
loss_func HUBER
step 0.00968095
topology 5 5 10 5 1 
active_funcs linear lrelu lrelu lrelu linear 
input_transforms
	normal 4 0 900 434 148.8
	normal 4 0 1000 254.5 152.5
	normal 4 37 51 39.96 2.85
	linear 2 0 0.57
	linear 2 0 6.2832
output_transforms
	linear 2 700 800
adagrad_rate 0.99
dropout_rate 0
regulization_rate 0
viscosity_rate 0.9
layer 
[   -1.05893   0.976125   0.416546   0.965862  0.0531183
 -0.931464   0.713544   0.676565   0.809065  -0.387009
 -0.264686  -0.471427  -0.197541  -0.523285  -0.258256
 -0.136705  -0.455317  -0.151472  -0.496834  -0.480516
0.00876705  -0.386611  0.0118086  -0.396501  -0.750245 ]
{  0.224084  -1.12561  0.585734 -0.928145 -0.926691 }
layer 
[   0.377407  -0.181978  -0.623042   -1.92396  -0.347489    1.00854  -0.529836  -0.383435   -1.93325   -1.98132
 -0.473901   0.163787 -0.0234769    1.06427   0.080531  -0.761905   0.280507  0.0605081 0.00764497  -0.838865
  -2.35616   0.838108   0.660012   0.180397   0.672732  -0.367402   0.748256  -0.326897 -0.0242039   -1.63293
-0.0604419    1.05073    1.05231    1.96312   0.476757  -0.505185   0.371643 -0.0184089   0.768071  -0.782794
-0.0560361  -0.457905   0.108321 -0.0130565 -0.0891759 -0.0595406   0.416355 0.00735516    -1.5005    0.48016 ]
{ -0.0797518   0.262568  -0.538914   -0.48581   0.125636   0.246726  -0.681203   0.116087   0.137021   -1.57008 }
layer 
[  -0.952731 0.00887004   0.993438    1.25821  -0.637803
 -0.318663   0.569781  -0.151355 -0.0203451   0.155897
 -0.219482   0.337898  -0.902842  -0.757053   0.245911
      0.21   0.699608   -0.66479 -0.0285506    2.23184
  0.780412    0.72325  -0.332721  -0.023427   0.302992
  -1.28973  -0.302498   0.809535   0.390683  -0.869699
 -0.456614    0.18111   -0.92304   -0.97072   0.914532
 -0.483093  -0.101649  -0.521631  -0.905275  0.0197468
  0.245718    0.53436   0.209437  -0.799221  -0.178414
  0.509953  -0.552572  -0.717357  -0.219282   0.287177 ]
{ -0.398041  0.534915  0.434852  0.200116 -0.861926 }
layer 
[   1.45289
   1.4293
 -0.96823
-0.305599
  1.74682 ]
{ -0.153418 }
