numb_input 5
numb_output 1
deep 5
nepoch 0
loss_func GOOGLE 
step 0.005
topology 5 10 10 10 1 
active_funcs linear bent bent bent linear 
input_transforms
	normal 4 0 900 434 148.8
	normal 4 0 1000 254.5 152.5
	normal 4 0 1.571 0.3702 0.2225
	normal 4 0 6.285 3.162 1.817
	normal 4 37 51 39.96 2.85
output_transforms
	normal 4 700 800 750 30
adagrad_rate 0.9
dropout_rate 0.15
regulization_rate 0
viscosity_rate 0.9
layer 
[  -0.474639  -0.322795    0.28597  -0.207532   0.166934  -0.407099 -0.0570392   0.436831   0.503578   0.221853
 -0.550833   0.191911   0.378368 -0.0612571   -0.21205  -0.451094  0.0840523    0.09199   0.170663  -0.077705
  0.471825  -0.552138  -0.373751  -0.599323   0.273062   0.186164   0.311931  -0.172639   0.350702  -0.324658
 -0.448603  -0.119656  -0.434064   -0.36036  -0.213724 -0.0737638   -0.21767   0.517148  -0.502628   0.254986
 -0.507556  0.0437616   0.503607   0.200931  0.0435342   0.230309   0.267905   0.604789   0.369055   0.194391 ]
{  0.508728 -0.210535  0.614796  0.149335  0.208196  0.025875  0.374692  0.389557 -0.420417 -0.331528 }
layer 
[ -0.0109028 0.00143185   0.517781  -0.311954  -0.261605  -0.402773 -0.0548635   0.408302  -0.476413  -0.337965
  0.134234   0.304294  0.0690594   0.494817  -0.280135  -0.147607   0.440389    0.44733  -0.483952 -0.0281014
  0.333402   0.137761   0.535774  -0.252684  -0.336104  0.0310758  -0.341275    0.46696   0.435272   0.429135
 -0.288485  -0.242574   0.502488  -0.526274   0.423879  -0.414721   0.240175  -0.475525   0.102385  -0.131518
  0.493448   0.416728  -0.349335   -0.34139  0.0250137  -0.192842   0.461837   0.323487   -0.35095  -0.335649
 0.0176927 -0.0903504   0.168354  -0.306958  -0.467099   0.229463  -0.134942 -0.0557489  -0.305292   0.343249
 -0.457901   0.497279 -0.0228265  0.0391409  -0.214194   0.301355   0.480939  -0.394901  -0.215874   0.281263
 0.0253916  -0.198289    0.52288  -0.251568 -0.0254302   0.332054 -0.0467447   -0.43843   0.498127  -0.402433
  0.415905    0.17621 -0.0420023   0.266156  -0.117665   0.204621   0.161212   0.466543   -0.52096  -0.251218
  0.537686    0.17038   0.160805 -0.0926762   0.509739   -0.28837   0.199372   0.035156   0.536469  -0.105248 ]
{  0.344662 -0.390639  -0.20564    0.2639 -0.318441 -0.429876 -0.339572  -0.16562 -0.320584 -0.420751 }
layer 
[     0.417258    -0.374018    -0.503271     0.203779    0.0203064    -0.348515    -0.481405    -0.103831    -0.256001    0.0189473
   -0.249274 -4.57634e-05     0.152479     0.237429    -0.401426    0.0870522     0.338269    -0.539763    -0.187683     0.365612
    -0.35698  -0.00182412     -0.24349     0.482245    -0.523258    -0.358695 -0.000890474     0.455083   -0.0568124     0.463469
    0.304807    -0.492605    -0.161189     0.394521     -0.52924   -0.0442822    -0.546883   -0.0793663   -0.0669737    -0.529666
    0.400833     0.416159    -0.131344  -0.00548594    -0.346309     0.473586     0.185068    -0.521281     0.315758     0.366452
   -0.160208     0.210249   -0.0142085     0.335355     0.440624    0.0576834     0.541346    -0.438948    -0.130949     0.100814
    0.547238     0.398367   -0.0433425    -0.313409     0.228732     0.489232     0.336195    -0.186465     0.538432    -0.536042
   -0.362764     0.149699    0.0768069  -0.00597081    -0.495664    -0.117479     0.419381     0.255173     0.257267     0.154924
   -0.209803     0.355539     0.367894     0.520314    0.0426006    -0.413232   -0.0123472     -0.38689     0.299295   -0.0275269
   -0.521445    -0.400573     0.183796    0.0245103    0.0365483     0.309403     0.308786     0.403858    -0.422522 -0.000666819 ]
{ -0.0840127   0.416365  0.0072924  -0.176653  -0.210724  0.0337339 -0.0678784   0.150533  -0.258815   0.092954 }
layer 
[  0.0089923
 0.0443706
  0.610817
  0.670935
  0.692612
  0.298036
 -0.244185
  0.680085
-0.0936147
 -0.579165 ]
{ -0.628193 }
